------------------------------
scale:
0.220458
Rbc:
 0.984257 -0.154934 0.0850464
 0.144187  0.982175  0.120589
-0.102214 -0.106428  0.989053
eulerAngle: 0.145458
 0.102393
-0.107194
Pbc:
  0.0066314
-0.00816932
   0.034182
g:
0.555116
-9.21703
-3.44013
imu_g:
1.37562
 1.2796
9.67298
bg:
-9.39985e-05
-0.000468437
-0.000239483
------------------------------
scale:
0.220458
Rbc:
 0.984257 -0.154934 0.0850464
 0.144187  0.982175  0.120589
-0.102214 -0.106428  0.989053
eulerAngle: 0.145458
 0.102393
-0.107194
Pbc:
  0.0066314
-0.00816932
   0.034182
g:
0.555116
-9.21703
-3.44013
imu_g:
1.37562
 1.2796
9.67298
bg:
-9.39985e-05
-0.000468437
-0.000239483
------------------------------
scale:
0.220458
Rbc:
 0.984257 -0.154934 0.0850464
 0.144187  0.982175  0.120589
-0.102214 -0.106428  0.989053
eulerAngle: 0.145458
 0.102393
-0.107194
Pbc:
  0.0066314
-0.00816932
   0.034182
g:
0.555116
-9.21703
-3.44013
imu_g:
1.37562
 1.2796
9.67298
bg:
-9.39985e-05
-0.000468437
-0.000239483
------------------------------
scale:
0.220458
Rbc:
 0.984257 -0.154934 0.0850464
 0.144187  0.982175  0.120589
-0.102214 -0.106428  0.989053
eulerAngle: 0.145458
 0.102393
-0.107194
Pbc:
  0.0066314
-0.00816932
   0.034182
g:
0.555116
-9.21703
-3.44013
imu_g:
1.37562
 1.2796
9.67298
bg:
-9.39985e-05
-0.000468437
-0.000239483
------------------------------
scale:
0.220458
Rbc:
 0.984257 -0.154934 0.0850464
 0.144187  0.982175  0.120589
-0.102214 -0.106428  0.989053
eulerAngle: 0.145458
 0.102393
-0.107194
Pbc:
  0.0066314
-0.00816932
   0.034182
g:
0.555116
-9.21703
-3.44013
imu_g:
1.37562
 1.2796
9.67298
bg:
-9.39985e-05
-0.000468437
-0.000239483
------------------------------
scale:
0.220458
Rbc:
 0.984257 -0.154934 0.0850464
 0.144187  0.982175  0.120589
-0.102214 -0.106428  0.989053
eulerAngle: 0.145458
 0.102393
-0.107194
Pbc:
  0.0066314
-0.00816932
   0.034182
g:
0.555116
-9.21703
-3.44013
imu_g:
1.37562
 1.2796
9.67298
bg:
-9.39985e-05
-0.000468437
-0.000239483
------------------------------
scale:
0.220458
Rbc:
 0.984257 -0.154934 0.0850464
 0.144187  0.982175  0.120589
-0.102214 -0.106428  0.989053
eulerAngle: 0.145458
 0.102393
-0.107194
Pbc:
  0.0066314
-0.00816932
   0.034182
g:
0.555116
-9.21703
-3.44013
imu_g:
1.37562
 1.2796
9.67298
bg:
-9.39985e-05
-0.000468437
-0.000239483
------------------------------
scale:
0.220458
Rbc:
 0.984257 -0.154934 0.0850464
 0.144187  0.982175  0.120589
-0.102214 -0.106428  0.989053
eulerAngle: 0.145458
 0.102393
-0.107194
Pbc:
  0.0066314
-0.00816932
   0.034182
g:
0.555116
-9.21703
-3.44013
imu_g:
1.37562
 1.2796
9.67298
bg:
-9.39985e-05
-0.000468437
-0.000239483
------------------------------
scale:
0.220458
Rbc:
 0.984257 -0.154934 0.0850464
 0.144187  0.982175  0.120589
-0.102214 -0.106428  0.989053
eulerAngle: 0.145458
 0.102393
-0.107194
Pbc:
  0.0066314
-0.00816932
   0.034182
g:
0.555116
-9.21703
-3.44013
imu_g:
1.37562
 1.2796
9.67298
bg:
-9.39985e-05
-0.000468437
-0.000239483
------------------------------
scale:
0.220458
Rbc:
 0.984257 -0.154934 0.0850464
 0.144187  0.982175  0.120589
-0.102214 -0.106428  0.989053
eulerAngle: 0.145458
 0.102393
-0.107194
Pbc:
  0.0066314
-0.00816932
   0.034182
g:
0.555116
-9.21703
-3.44013
imu_g:
1.37562
 1.2796
9.67298
bg:
-9.39985e-05
-0.000468437
-0.000239483
------------------------------
scale:
0.220458
Rbc:
 0.984257 -0.154934 0.0850464
 0.144187  0.982175  0.120589
-0.102214 -0.106428  0.989053
eulerAngle: 0.145458
 0.102393
-0.107194
Pbc:
  0.0066314
-0.00816932
   0.034182
g:
0.555116
-9.21703
-3.44013
imu_g:
1.37562
 1.2796
9.67298
bg:
-9.39985e-05
-0.000468437
-0.000239483
------------------------------
scale:
0.220458
Rbc:
 0.984257 -0.154934 0.0850464
 0.144187  0.982175  0.120589
-0.102214 -0.106428  0.989053
eulerAngle: 0.145458
 0.102393
-0.107194
Pbc:
  0.0066314
-0.00816932
   0.034182
g:
0.555116
-9.21703
-3.44013
imu_g:
1.37562
 1.2796
9.67298
bg:
-9.39985e-05
-0.000468437
-0.000239483
------------------------------
scale:
0.220458
Rbc:
 0.984257 -0.154934 0.0850464
 0.144187  0.982175  0.120589
-0.102214 -0.106428  0.989053
eulerAngle: 0.145458
 0.102393
-0.107194
Pbc:
  0.0066314
-0.00816932
   0.034182
g:
0.555116
-9.21703
-3.44013
imu_g:
1.37562
 1.2796
9.67298
bg:
-9.39985e-05
-0.000468437
-0.000239483
------------------------------
scale:
0.220458
Rbc:
 0.984257 -0.154934 0.0850464
 0.144187  0.982175  0.120589
-0.102214 -0.106428  0.989053
eulerAngle: 0.145458
 0.102393
-0.107194
Pbc:
  0.0066314
-0.00816932
   0.034182
g:
0.555116
-9.21703
-3.44013
imu_g:
1.37562
 1.2796
9.67298
bg:
-9.39985e-05
-0.000468437
-0.000239483
------------------------------
scale:
0
Rbc:
 0.984257 -0.154934 0.0850464
 0.144187  0.982175  0.120589
-0.102214 -0.106428  0.989053
eulerAngle: 0.145458
 0.102393
-0.107194
Pbc:
-0.472066
 0.707854
  2.63789
g:
0.563152
  -9.149
 -3.4668
imu_g:
1.38776
1.22673
9.62337
bg:
-9.39985e-05
-0.000468437
-0.000239483
------------------------------
scale:
0
Rbc:
 0.984257 -0.154934 0.0850464
 0.144187  0.982175  0.120589
-0.102214 -0.106428  0.989053
eulerAngle: 0.145458
 0.102393
-0.107194
Pbc:
-0.472066
 0.707854
  2.63789
g:
0.563152
  -9.149
 -3.4668
imu_g:
1.38776
1.22673
9.62337
bg:
-9.39985e-05
-0.000468437
-0.000239483
------------------------------
scale:
0.0600042
Rbc:
 0.984257 -0.154934 0.0850464
 0.144187  0.982175  0.120589
-0.102214 -0.106428  0.989053
eulerAngle: 0.145458
 0.102393
-0.107194
Pbc:
-1.76942e-15
 1.05818e-15
   -0.622275
g:
0.559469
-9.14929
-3.46663
imu_g:
1.38412
1.22638
9.62394
bg:
-9.39985e-05
-0.000468437
-0.000239483
------------------------------
scale:
0.656519
Rbc:
 0.906241 -0.296976 -0.300887
 0.377098  0.889582   0.25776
 0.191115 -0.347057  0.918165
eulerAngle: 0.394318
-0.192298
-0.361389
Pbc:
  0.0066314
-0.00816932
   0.034182
g:
  3.8734
-8.95654
-1.47115
imu_g:
0.229022
 5.38931
 8.26377
bg:
 -0.00201237
  0.00171056
-0.000795493
------------------------------
scale:
0.807384
Rbc:
 0.913689 -0.323741 -0.245691
 0.384747  0.883778  0.266284
 0.130929  -0.33783  0.932056
eulerAngle: 0.398555
-0.131306
-0.347729
Pbc:
  0.0066314
-0.00816932
   0.034182
g:
 3.75224
-9.00965
 -1.4175
imu_g:
0.558201
 5.50244
 8.16541
bg:
 -0.00199726
  0.00230865
-0.000649261
------------------------------
scale:
0.807384
Rbc:
 0.913689 -0.323741 -0.245691
 0.384747  0.883778  0.266284
 0.130929  -0.33783  0.932056
eulerAngle: 0.398555
-0.131306
-0.347729
Pbc:
  0.0066314
-0.00816932
   0.034182
g:
 3.75224
-9.00965
 -1.4175
imu_g:
0.558201
 5.50244
 8.16541
bg:
 -0.00199726
  0.00230865
-0.000649261
------------------------------
scale:
0.105958
Rbc:
  0.716163  0.0870952  -0.692478
-0.0502761   0.996043  0.0732799
   0.69612 -0.0176653   0.717708
eulerAngle: 3.07151
-2.37161
 3.11698
Pbc:
  0.0066314
-0.00816932
   0.034182
g:
 2.05172
-8.32185
 -4.8969
imu_g:
-5.22835
-1.02382
 8.31014
bg:
-0.000441352
 0.000841203
 5.44536e-06
------------------------------
scale:
0.351943
Rbc:
   0.96633 -0.0901268  -0.241004
  0.116788    0.98824  0.0987074
  0.229273   -0.12353   0.965492
eulerAngle: 0.120274
-0.231331
-0.127254
Pbc:
  0.0066314
-0.00816932
   0.034182
g:
 1.83877
-8.90429
-3.82246
imu_g:
-0.511504
 0.757977
  9.82052
bg:
-0.000277497
 0.000644974
-2.07851e-05
------------------------------
scale:
0.810352
Rbc:
  0.924552  -0.242639   0.293818
  0.205675   0.966861   0.151251
 -0.320781 -0.0794084   0.943819
eulerAngle:  0.218895
  0.326554
-0.0839375
Pbc:
  0.0066314
-0.00816932
   0.034182
g:
0.350294
-9.22312
-3.39693
imu_g:
3.19339
1.60681
9.16233
bg:
-0.00213085
 4.0266e-05
-0.00203673
------------------------------
scale:
0.783044
Rbc:
  0.858279  -0.290414   0.423103
  0.233313   0.955155   0.182327
 -0.457079 -0.0577726   0.887548
eulerAngle:  0.265424
  0.474709
-0.0650007
Pbc:
  0.0066314
-0.00816932
   0.034182
g:
0.062465
  -9.253
-3.36218
imu_g:
4.18737
1.89013
8.70744
bg:
 -0.00159855
-0.000120325
 -0.00162854
------------------------------
scale:
0.712429
Rbc:
  0.927273 0.00596517  -0.374339
  0.021882     0.9973   0.070096
  0.373746 -0.0731894   0.924639
eulerAngle: 0.0235939
 -0.383045
-0.0789899
Pbc:
  0.0066314
-0.00816932
   0.034182
g:
 1.38546
-8.88404
-4.01609
imu_g:
-2.34916
 0.09534
 9.56279
bg:
-0.000697195
 7.35478e-05
-0.000809785
------------------------------
scale:
0.712429
Rbc:
  0.927273 0.00596517  -0.374339
  0.021882     0.9973   0.070096
  0.373746 -0.0731894   0.924639
eulerAngle: 0.0235939
 -0.383045
-0.0789899
Pbc:
  0.0066314
-0.00816932
   0.034182
g:
 1.38546
-8.88404
-4.01609
imu_g:
-2.34916
 0.09534
 9.56279
bg:
-0.000697195
 7.35478e-05
-0.000809785
------------------------------
scale:
0.750905
Rbc:
  0.897632  -0.266838   0.350791
  0.222192   0.961332   0.162699
 -0.380641 -0.0681009   0.922212
eulerAngle:  0.242654
  0.390489
-0.0737113
Pbc:
  0.0066314
-0.00816932
   0.034182
g:
0.288248
-9.23688
-3.35391
imu_g:
3.67374
1.75203
8.94906
bg:
-0.00443443
0.000332427
-0.00379502
------------------------------
scale:
0.750905
Rbc:
  0.897632  -0.266838   0.350791
  0.222192   0.961332   0.162699
 -0.380641 -0.0681009   0.922212
eulerAngle:  0.242654
  0.390489
-0.0737113
Pbc:
  0.0066314
-0.00816932
   0.034182
g:
0.288248
-9.23688
-3.35391
imu_g:
3.67374
1.75203
8.94906
bg:
-0.00443443
0.000332427
-0.00379502
------------------------------
scale:
0.750905
Rbc:
  0.897632  -0.266838   0.350791
  0.222192   0.961332   0.162699
 -0.380641 -0.0681009   0.922212
eulerAngle:  0.242654
  0.390489
-0.0737113
Pbc:
  0.0066314
-0.00816932
   0.034182
g:
0.288248
-9.23688
-3.35391
imu_g:
3.67374
1.75203
8.94906
bg:
-0.00443443
0.000332427
-0.00379502
------------------------------
scale:
0.750905
Rbc:
  0.897632  -0.266838   0.350791
  0.222192   0.961332   0.162699
 -0.380641 -0.0681009   0.922212
eulerAngle:  0.242654
  0.390489
-0.0737113
Pbc:
  0.0066314
-0.00816932
   0.034182
g:
0.288248
-9.23688
-3.35391
imu_g:
3.67374
1.75203
8.94906
bg:
-0.00443443
0.000332427
-0.00379502
------------------------------
scale:
0.913165
Rbc:
   0.93667  -0.214904   0.276525
  0.187112   0.974536   0.123568
 -0.296039 -0.0640009   0.953029
eulerAngle:  0.197168
  0.300543
-0.0670546
Pbc:
  0.0066314
-0.00816932
   0.034182
g:
 1.30396
-8.55481
-4.67115
imu_g:
 4.20989
0.127083
 8.88625
bg:
 -0.00342928
-0.000549047
 -0.00303398
------------------------------
scale:
0.913165
Rbc:
   0.93667  -0.214904   0.276525
  0.187112   0.974536   0.123568
 -0.296039 -0.0640009   0.953029
eulerAngle:  0.197168
  0.300543
-0.0670546
Pbc:
  0.0066314
-0.00816932
   0.034182
g:
 1.30396
-8.55481
-4.67115
imu_g:
 4.20989
0.127083
 8.88625
bg:
 -0.00342928
-0.000549047
 -0.00303398
------------------------------
scale:
0
Rbc:
   0.93667  -0.214904   0.276525
  0.187112   0.974536   0.123568
 -0.296039 -0.0640009   0.953029
eulerAngle:  0.197168
  0.300543
-0.0670546
Pbc:
 1.67335
-1.64303
0.388404
g:
 1.23261
-8.48014
-4.75478
imu_g:
   4.15738
0.00557541
   8.87447
bg:
 -0.00342928
-0.000549047
 -0.00303398
------------------------------
scale:
0
Rbc:
   0.93667  -0.214904   0.276525
  0.187112   0.974536   0.123568
 -0.296039 -0.0640009   0.953029
eulerAngle:  0.197168
  0.300543
-0.0670546
Pbc:
 1.67335
-1.64303
0.388404
g:
 1.23261
-8.48014
-4.75478
imu_g:
   4.15738
0.00557541
   8.87447
bg:
 -0.00342928
-0.000549047
 -0.00303398
------------------------------
scale:
0
Rbc:
   0.93667  -0.214904   0.276525
  0.187112   0.974536   0.123568
 -0.296039 -0.0640009   0.953029
eulerAngle:  0.197168
  0.300543
-0.0670546
Pbc:
 1.67335
-1.64303
0.388404
g:
 1.23261
-8.48014
-4.75478
imu_g:
   4.15738
0.00557541
   8.87447
bg:
 -0.00342928
-0.000549047
 -0.00303398
------------------------------
scale:
0
Rbc:
   0.93667  -0.214904   0.276525
  0.187112   0.974536   0.123568
 -0.296039 -0.0640009   0.953029
eulerAngle:  0.197168
  0.300543
-0.0670546
Pbc:
 1.67335
-1.64303
0.388404
g:
 1.23261
-8.48014
-4.75478
imu_g:
   4.15738
0.00557541
   8.87447
bg:
 -0.00342928
-0.000549047
 -0.00303398
------------------------------
scale:
0
Rbc:
   0.93667  -0.214904   0.276525
  0.187112   0.974536   0.123568
 -0.296039 -0.0640009   0.953029
eulerAngle:  0.197168
  0.300543
-0.0670546
Pbc:
 1.67335
-1.64303
0.388404
g:
 1.23261
-8.48014
-4.75478
imu_g:
   4.15738
0.00557541
   8.87447
bg:
 -0.00342928
-0.000549047
 -0.00303398
------------------------------
scale:
0
Rbc:
  0.967341 0.00591157  -0.253408
 0.0108847   0.997837  0.0648282
  0.253243 -0.0654693   0.965185
eulerAngle: 0.0112517
 -0.256031
-0.0677271
Pbc:
-0.489964
-0.463634
-0.936206
g:
 1.00347
-8.18335
-5.29772
imu_g:
-1.40333
-1.44136
 9.59131
bg:
-0.00676532
0.000674681
-0.00515382
------------------------------
scale:
0
Rbc:
 0.986204 -0.101492 -0.130771
 0.115125  0.988174  0.101285
 0.118945 -0.114942  0.986225
eulerAngle:  0.11621
-0.119227
-0.116024
Pbc:
0.955052
-1.41424
0.833104
g:
 1.57467
-7.95319
 -5.5052
imu_g:
0.622419
-1.16808
 9.71021
bg:
-0.00457244
0.000960206
-0.00323152
------------------------------
scale:
1.19911
Rbc:
 0.986204 -0.101492 -0.130771
 0.115125  0.988174  0.101285
 0.118945 -0.114942  0.986225
eulerAngle:  0.11621
-0.119227
-0.116024
Pbc:
-1.31839e-16
 1.97758e-16
    0.907869
g:
 1.57465
-7.95328
-5.50507
imu_g:
0.622381
-1.16792
 9.71023
bg:
-0.00457244
0.000960206
-0.00323152
------------------------------
scale:
0.485648
Rbc:
   0.93667  -0.214904   0.276525
  0.187112   0.974536   0.123568
 -0.296039 -0.0640009   0.953029
eulerAngle:  0.197168
  0.300543
-0.0670546
Pbc:
 -1.9984e-15
-3.16414e-15
      1.8256
g:
 1.21379
-8.48372
-4.75324
imu_g:
      4.14
0.00450752
   8.88259
bg:
 -0.00342928
-0.000549047
 -0.00303398
------------------------------
scale:
0.285258
Rbc:
  0.985614 -0.0685109  -0.154501
 0.0819503   0.993228  0.0823583
  0.147812 -0.0938349   0.984554
eulerAngle:0.0829556
-0.148356
 -0.09502
Pbc:
3.31332e-16
1.84748e-16
  0.0515024
g:
0.996686
-8.99173
-3.76769
imu_g:
-0.493179
 0.527654
  9.77335
bg:
-0.000361234
-0.000718807
-0.000719507
------------------------------
scale:
0.285258
Rbc:
  0.985614 -0.0685109  -0.154501
 0.0819503   0.993228  0.0823583
  0.147812 -0.0938349   0.984554
eulerAngle:0.0829556
-0.148356
 -0.09502
Pbc:
3.31332e-16
1.84748e-16
  0.0515024
g:
0.996686
-8.99173
-3.76769
imu_g:
-0.493179
 0.527654
  9.77335
bg:
-0.000361234
-0.000718807
-0.000719507
------------------------------
scale:
0.285258
Rbc:
  0.985614 -0.0685109  -0.154501
 0.0819503   0.993228  0.0823583
  0.147812 -0.0938349   0.984554
eulerAngle:0.0829556
-0.148356
 -0.09502
Pbc:
3.31332e-16
1.84748e-16
  0.0515024
g:
0.996686
-8.99173
-3.76769
imu_g:
-0.493179
 0.527654
  9.77335
bg:
-0.000361234
-0.000718807
-0.000719507
------------------------------
scale:
0.682085
Rbc:
  0.985614 -0.0685109  -0.154501
 0.0819503   0.993228  0.0823583
  0.147812 -0.0938349   0.984554
eulerAngle:0.0829556
-0.148356
 -0.09502
Pbc:
  0.0066314
-0.00816932
   0.034182
g:
 1.01808
-9.04271
-3.76926
imu_g:
-0.481198
 0.550166
  9.82243
bg:
-0.000361234
-0.000718807
-0.000719507
------------------------------
scale:
0.680429
Rbc:
  0.985614 -0.0685109  -0.154501
 0.0819503   0.993228  0.0823583
  0.147812 -0.0938349   0.984554
eulerAngle:0.0829556
-0.148356
 -0.09502
Pbc:
0
0
0
g:
 1.01779
-9.04275
-3.76932
imu_g:
-0.481484
 0.550095
  9.82245
bg:
-0.000361234
-0.000718807
-0.000719507
------------------------------
scale:
0.680429
Rbc:
  0.985614 -0.0685109  -0.154501
 0.0819503   0.993228  0.0823583
  0.147812 -0.0938349   0.984554
eulerAngle:0.0829556
-0.148356
 -0.09502
Pbc:
0
0
0
g:
 1.01779
-9.04275
-3.76932
imu_g:
-0.481484
 0.550095
  9.82245
bg:
-0.000361234
-0.000718807
-0.000719507
------------------------------
scale:
0.285258
Rbc:
  0.985614 -0.0685109  -0.154501
 0.0819503   0.993228  0.0823583
  0.147812 -0.0938349   0.984554
eulerAngle:0.0829556
-0.148356
 -0.09502
Pbc:
3.31332e-16
1.84748e-16
  0.0515024
g:
0.996686
-8.99173
-3.76769
imu_g:
-0.493179
 0.527654
  9.77335
bg:
-0.000361234
-0.000718807
-0.000719507
------------------------------
scale:
0.655634
Rbc:
  0.985614 -0.0685109  -0.154501
 0.0819503   0.993228  0.0823583
  0.147812 -0.0938349   0.984554
eulerAngle:0.0829556
-0.148356
 -0.09502
Pbc:
0.3
  0
  0
g:
 1.01935
-9.04188
-3.77036
imu_g:
-0.479759
 0.548957
  9.82236
bg:
-0.000361234
-0.000718807
-0.000719507
------------------------------
scale:
0.0380274
Rbc:
  0.985614 -0.0685109  -0.154501
 0.0819503   0.993228  0.0823583
  0.147812 -0.0938349   0.984554
eulerAngle:0.0829556
-0.148356
 -0.09502
Pbc:
0.3
  0
  0
g:
-1.27694
-8.72614
-4.39259
imu_g:
0.0179245
 -9.13346
 -3.69467
bg:
-0.000361234
-0.000718807
-0.000719507
------------------------------
scale:
0.0410412
Rbc:
  0.985614 -0.0685109  -0.154501
 0.0819503   0.993228  0.0823583
  0.147812 -0.0938349   0.984554
eulerAngle:0.0829556
-0.148356
 -0.09502
Pbc:
  0.0066314
-0.00816932
   0.034182
g:
-1.27637
-8.72536
-4.39509
imu_g:
0.0188205
 -9.13284
 -3.69712
bg:
-0.000361234
-0.000718807
-0.000719507
------------------------------
scale:
0.591647
Rbc:
  0.985614 -0.0685109  -0.154501
 0.0819503   0.993228  0.0823583
  0.147812 -0.0938349   0.984554
eulerAngle:0.0829556
-0.148356
 -0.09502
Pbc:
  0.0066314
-0.00816932
   0.034182
g:
 -1.2503
-8.73645
-4.37139
imu_g:
0.0416184
 -9.13977
  -3.6689
bg:
-0.000361234
-0.000718807
-0.000719507
------------------------------
scale:
0.591647
Rbc:
  0.985614 -0.0685109  -0.154501
 0.0819503   0.993228  0.0823583
  0.147812 -0.0938349   0.984554
eulerAngle:0.0829556
-0.148356
 -0.09502
Pbc:
  0.0066314
-0.00816932
   0.034182
g:
 -1.2503
-8.73645
-4.37139
imu_g:
0.0416184
 -9.13977
  -3.6689
bg:
-0.000361234
-0.000718807
-0.000719507
------------------------------
scale:
0.591647
Rbc:
  0.985614 -0.0685109  -0.154501
 0.0819503   0.993228  0.0823583
  0.147812 -0.0938349   0.984554
eulerAngle:0.0829556
-0.148356
 -0.09502
Pbc:
  0.0066314
-0.00816932
   0.034182
g:
 -1.2503
-8.73645
-4.37139
imu_g:
0.0416184
 -9.13977
  -3.6689
bg:
-0.000361234
-0.000718807
-0.000719507
------------------------------
scale:
0.591647
Rbc:
  0.985614 -0.0685109  -0.154501
 0.0819503   0.993228  0.0823583
  0.147812 -0.0938349   0.984554
eulerAngle:0.0829556
-0.148356
 -0.09502
Pbc:
  0.0066314
-0.00816932
   0.034182
g:
 -1.2503
-8.73645
-4.37139
imu_g:
0.0416184
 -9.13977
  -3.6689
bg:
-0.000361234
-0.000718807
-0.000719507
------------------------------
scale:
0.591647
Rbc:
  0.985614 -0.0685109  -0.154501
 0.0819503   0.993228  0.0823583
  0.147812 -0.0938349   0.984554
eulerAngle:0.0829556
-0.148356
 -0.09502
Pbc:
  0.0066314
-0.00816932
   0.034182
g:
 -1.2503
-8.73645
-4.37139
imu_g:
0.0416184
 -9.13977
  -3.6689
bg:
-0.000361234
-0.000718807
-0.000719507
------------------------------
scale:
0.591647
Rbc:
  0.985614 -0.0685109  -0.154501
 0.0819503   0.993228  0.0823583
  0.147812 -0.0938349   0.984554
eulerAngle:0.0829556
-0.148356
 -0.09502
Pbc:
  0.0066314
-0.00816932
   0.034182
g:
 -1.2503
-8.73645
-4.37139
imu_g:
0.0416184
 -9.13977
  -3.6689
bg:
-0.000361234
-0.000718807
-0.000719507
------------------------------
scale:
0.591647
Rbc:
  0.985614 -0.0685109  -0.154501
 0.0819503   0.993228  0.0823583
  0.147812 -0.0938349   0.984554
eulerAngle:0.0829556
-0.148356
 -0.09502
Pbc:
  0.0066314
-0.00816932
   0.034182
g:
 -1.2503
-8.73645
-4.37139
imu_g:
0.0416184
 -9.13977
  -3.6689
bg:
-0.000361234
-0.000718807
-0.000719507
------------------------------
scale:
0.591647
Rbc:
  0.985614 -0.0685109  -0.154501
 0.0819503   0.993228  0.0823583
  0.147812 -0.0938349   0.984554
eulerAngle:0.0829556
-0.148356
 -0.09502
Pbc:
  0.0066314
-0.00816932
   0.034182
g:
 -1.2503
-8.73645
-4.37139
imu_g:
0.0416184
 -9.13977
  -3.6689
bg:
-0.000361234
-0.000718807
-0.000719507
------------------------------
scale:
0
Rbc:
  0.985614 -0.0685109  -0.154501
 0.0819503   0.993228  0.0823583
  0.147812 -0.0938349   0.984554
eulerAngle:0.0829556
-0.148356
 -0.09502
Pbc:
  0.0066314
-0.00816932
   0.034182
g:
0
0
0
imu_g:
0
0
0
bg:
-0.000361234
-0.000718807
-0.000719507
------------------------------
scale:
0.082988
Rbc:
  0.985614 -0.0685109  -0.154501
 0.0819503   0.993228  0.0823583
  0.147812 -0.0938349   0.984554
eulerAngle:0.0829556
-0.148356
 -0.09502
Pbc:
-0.875988
 -1.06091
  1.16671
g:
1.33741
8.69205
  4.415
imu_g:
0.0405451
   9.1064
  3.72888
bg:
-0.000361234
-0.000718807
-0.000719507
------------------------------
scale:
0.17524
Rbc:
  0.985614 -0.0685109  -0.154501
 0.0819503   0.993228  0.0823583
  0.147812 -0.0938349   0.984554
eulerAngle:0.0829556
-0.148356
 -0.09502
Pbc:
  0.0066314
-0.00816932
   0.034182
g:
1.37459
8.68447
4.44133
imu_g:
0.0736414
  9.10408
    3.761
bg:
-0.000361234
-0.000718807
-0.000719507
------------------------------
scale:
0.183895
Rbc:
  0.993066  -0.103846 -0.0551056
  0.108571   0.989905  0.0911047
 0.0450885 -0.0964558   0.994315
eulerAngle:  0.108897
-0.0451038
-0.0967047
Pbc:
  0.0066314
-0.00816932
   0.034182
g:
1.21868
8.69114
4.47865
imu_g:
0.0608873
  9.14374
  3.66983
bg:
-0.00487883
0.000477179
-0.00376612
------------------------------
scale:
0
Rbc:
  0.993066  -0.103846 -0.0551056
  0.108571   0.989905  0.0911047
 0.0450885 -0.0964558   0.994315
eulerAngle:  0.108897
-0.0451038
-0.0967047
Pbc:
  0.0066314
-0.00816932
   0.034182
g:
-1.15653
-8.67607
-4.40774
imu_g:
-0.00463588
   -9.11562
   -3.59797
bg:
-0.00487883
0.000477179
-0.00376612
------------------------------
scale:
0
Rbc:
  0.993066  -0.103846 -0.0551056
  0.108571   0.989905  0.0911047
 0.0450885 -0.0964558   0.994315
eulerAngle:  0.108897
-0.0451038
-0.0967047
Pbc:
  0.0066314
-0.00816932
   0.034182
g:
-1.15653
-8.67607
-4.40774
imu_g:
-0.00463588
   -9.11562
   -3.59797
bg:
-0.00487883
0.000477179
-0.00376612
------------------------------
scale:
0
Rbc:
  0.993066  -0.103846 -0.0551056
  0.108571   0.989905  0.0911047
 0.0450885 -0.0964558   0.994315
eulerAngle:  0.108897
-0.0451038
-0.0967047
Pbc:
  0.0066314
-0.00816932
   0.034182
g:
-1.15653
-8.67607
-4.40774
imu_g:
-0.00463588
   -9.11562
   -3.59797
bg:
-0.00487883
0.000477179
-0.00376612
------------------------------
scale:
0
Rbc:
  0.993066  -0.103846 -0.0551056
  0.108571   0.989905  0.0911047
 0.0450885 -0.0964558   0.994315
eulerAngle:  0.108897
-0.0451038
-0.0967047
Pbc:
  0.0066314
-0.00816932
   0.034182
g:
-1.15653
-8.67607
-4.40774
imu_g:
-0.00463588
   -9.11562
   -3.59797
bg:
-0.00487883
0.000477179
-0.00376612
------------------------------
scale:
0
Rbc:
  0.993066  -0.103846 -0.0551056
  0.108571   0.989905  0.0911047
 0.0450885 -0.0964558   0.994315
eulerAngle:  0.108897
-0.0451038
-0.0967047
Pbc:
  0.0066314
-0.00816932
   0.034182
g:
-1.15653
-8.67607
-4.40774
imu_g:
-0.00463588
   -9.11562
   -3.59797
bg:
-0.00487883
0.000477179
-0.00376612
------------------------------
scale:
0
Rbc:
  0.993066  -0.103846 -0.0551056
  0.108571   0.989905  0.0911047
 0.0450885 -0.0964558   0.994315
eulerAngle:  0.108897
-0.0451038
-0.0967047
Pbc:
  0.0066314
-0.00816932
   0.034182
g:
-1.15653
-8.67607
-4.40774
imu_g:
-0.00463588
   -9.11562
   -3.59797
bg:
-0.00487883
0.000477179
-0.00376612
------------------------------
scale:
0
Rbc:
  0.993066  -0.103846 -0.0551056
  0.108571   0.989905  0.0911047
 0.0450885 -0.0964558   0.994315
eulerAngle:  0.108897
-0.0451038
-0.0967047
Pbc:
  0.0066314
-0.00816932
   0.034182
g:
-1.15653
-8.67607
-4.40774
imu_g:
-0.00463588
   -9.11562
   -3.59797
bg:
-0.00487883
0.000477179
-0.00376612
------------------------------
scale:
0
Rbc:
   0.919713 -0.00526212   -0.392555
  0.0403402    0.995884   0.0811631
   0.390512  -0.0904825     0.91614
eulerAngle: 0.0438336
 -0.401188
-0.0984457
Pbc:
  0.0066314
-0.00816932
   0.034182
g:
-1.81605
-8.78843
 -3.9377
imu_g:
-0.0782311
  -9.14511
  -3.52148
bg:
-0.00535705
 0.00116269
-0.00386466
------------------------------
scale:
0
Rbc:
   0.919713 -0.00526212   -0.392555
  0.0403402    0.995884   0.0811631
   0.390512  -0.0904825     0.91614
eulerAngle: 0.0438336
 -0.401188
-0.0984457
Pbc:
  0.0066314
-0.00816932
   0.034182
g:
-1.81605
-8.78843
 -3.9377
imu_g:
-0.0782311
  -9.14511
  -3.52148
bg:
-0.00535705
 0.00116269
-0.00386466
------------------------------
scale:
0
Rbc:
   0.919713 -0.00526212   -0.392555
  0.0403402    0.995884   0.0811631
   0.390512  -0.0904825     0.91614
eulerAngle: 0.0438336
 -0.401188
-0.0984457
Pbc:
  0.0066314
-0.00816932
   0.034182
g:
-2.11769
-8.66181
-4.41768
imu_g:
-0.167907
 -9.07014
 -4.09045
bg:
-0.00535705
 0.00116269
-0.00386466
------------------------------
scale:
0
Rbc:
   0.919713 -0.00526212   -0.392555
  0.0403402    0.995884   0.0811631
   0.390512  -0.0904825     0.91614
eulerAngle: 0.0438336
 -0.401188
-0.0984457
Pbc:
  0.0066314
-0.00816932
   0.034182
g:
-2.11769
-8.66181
-4.41768
imu_g:
-0.167907
 -9.07014
 -4.09045
bg:
-0.00535705
 0.00116269
-0.00386466
------------------------------
scale:
0
Rbc:
   0.919713 -0.00526212   -0.392555
  0.0403402    0.995884   0.0811631
   0.390512  -0.0904825     0.91614
eulerAngle: 0.0438336
 -0.401188
-0.0984457
Pbc:
  0.0066314
-0.00816932
   0.034182
g:
-2.11769
-8.66181
-4.41768
imu_g:
-0.167907
 -9.07014
 -4.09045
bg:
-0.00535705
 0.00116269
-0.00386466
------------------------------
scale:
0
Rbc:
   0.919713 -0.00526212   -0.392555
  0.0403402    0.995884   0.0811631
   0.390512  -0.0904825     0.91614
eulerAngle: 0.0438336
 -0.401188
-0.0984457
Pbc:
  0.0066314
-0.00816932
   0.034182
g:
-2.11769
-8.66181
-4.41768
imu_g:
-0.167907
 -9.07014
 -4.09045
bg:
-0.00535705
 0.00116269
-0.00386466
------------------------------
scale:
0
Rbc:
   0.919713 -0.00526212   -0.392555
  0.0403402    0.995884   0.0811631
   0.390512  -0.0904825     0.91614
eulerAngle: 0.0438336
 -0.401188
-0.0984457
Pbc:
  0.0066314
-0.00816932
   0.034182
g:
-1.81605
-8.78843
 -3.9377
imu_g:
-0.0782311
  -9.14511
  -3.52148
bg:
-0.00535705
 0.00116269
-0.00386466
------------------------------
scale:
0
Rbc:
   0.919713 -0.00526212   -0.392555
  0.0403402    0.995884   0.0811631
   0.390512  -0.0904825     0.91614
eulerAngle: 0.0438336
 -0.401188
-0.0984457
Pbc:
  0.0066314
-0.00816932
   0.034182
g:
-1.81605
-8.78843
 -3.9377
imu_g:
-0.0782311
  -9.14511
  -3.52148
bg:
-0.00535705
 0.00116269
-0.00386466
------------------------------
scale:
0
Rbc:
   0.919713 -0.00526212   -0.392555
  0.0403402    0.995884   0.0811631
   0.390512  -0.0904825     0.91614
eulerAngle: 0.0438336
 -0.401188
-0.0984457
Pbc:
  0.0066314
-0.00816932
   0.034182
g:
-1.81605
-8.78843
 -3.9377
imu_g:
-0.0782311
  -9.14511
  -3.52148
bg:
-0.00535705
 0.00116269
-0.00386466
------------------------------
scale:
0
Rbc:
   0.919713 -0.00526212   -0.392555
  0.0403402    0.995884   0.0811631
   0.390512  -0.0904825     0.91614
eulerAngle: 0.0438336
 -0.401188
-0.0984457
Pbc:
  0.0066314
-0.00816932
   0.034182
g:
-1.81605
-8.78843
 -3.9377
imu_g:
-0.0782311
  -9.14511
  -3.52148
bg:
-0.00535705
 0.00116269
-0.00386466
------------------------------
scale:
0
Rbc:
   0.919713 -0.00526212   -0.392555
  0.0403402    0.995884   0.0811631
   0.390512  -0.0904825     0.91614
eulerAngle: 0.0438336
 -0.401188
-0.0984457
Pbc:
  0.0066314
-0.00816932
   0.034182
g:
 -1.8175
-8.78712
-3.93995
imu_g:
-0.0786955
  -9.14405
  -3.52422
bg:
-0.00535705
 0.00116269
-0.00386466
------------------------------
scale:
0
Rbc:
   0.919713 -0.00526212   -0.392555
  0.0403402    0.995884   0.0811631
   0.390512  -0.0904825     0.91614
eulerAngle: 0.0438336
 -0.401188
-0.0984457
Pbc:
  0.0066314
-0.00816932
   0.034182
g:
 -1.8175
-8.78712
-3.93995
imu_g:
-0.0786955
  -9.14405
  -3.52422
bg:
-0.00535705
 0.00116269
-0.00386466
------------------------------
scale:
0
Rbc:
   0.919713 -0.00526212   -0.392555
  0.0403402    0.995884   0.0811631
   0.390512  -0.0904825     0.91614
eulerAngle: 0.0438336
 -0.401188
-0.0984457
Pbc:
  0.0066314
-0.00816932
   0.034182
g:
 -1.8175
-8.78712
-3.93995
imu_g:
-0.0786955
  -9.14405
  -3.52422
bg:
-0.00535705
 0.00116269
-0.00386466
------------------------------
scale:
0
Rbc:
  0.993066  -0.103846 -0.0551056
  0.108571   0.989905  0.0911047
 0.0450885 -0.0964558   0.994315
eulerAngle:  0.108897
-0.0451038
-0.0967047
Pbc:
  0.0066314
-0.00816932
   0.034182
g:
-1.15753
-8.67521
-4.40917
imu_g:
-0.0056481
  -9.11501
  -3.59953
bg:
-0.00487883
0.000477179
-0.00376612
------------------------------
scale:
0
Rbc:
  0.993066  -0.103846 -0.0551056
  0.108571   0.989905  0.0911047
 0.0450885 -0.0964558   0.994315
eulerAngle:  0.108897
-0.0451038
-0.0967047
Pbc:
  0.0066314
-0.00816932
   0.034182
g:
-1.15753
-8.67521
-4.40917
imu_g:
-0.0056481
  -9.11501
  -3.59953
bg:
-0.00487883
0.000477179
-0.00376612
------------------------------
scale:
0
Rbc:
  0.942255 -0.0049957  -0.334858
 0.0320972   0.996633  0.0754495
  0.333354 -0.0818407   0.939243
eulerAngle: 0.0340511
 -0.339859
-0.0869153
Pbc:
  0.0066314
-0.00816932
   0.034182
g:
-1.52761
-8.80638
-4.01921
imu_g:
-0.0495332
  -9.12901
  -3.56353
bg:
-0.00579418
0.000999322
-0.00432901
------------------------------
scale:
0
Rbc:
  0.942255 -0.0049957  -0.334858
 0.0320972   0.996633  0.0754495
  0.333354 -0.0818407   0.939243
eulerAngle: 0.0340511
 -0.339859
-0.0869153
Pbc:
  0.0066314
-0.00816932
   0.034182
g:
 1.34383
 -8.8433
-4.00378
imu_g:
 2.65111
-9.07247
-2.58881
bg:
-0.00579418
0.000999322
-0.00432901
------------------------------
scale:
0
Rbc:
  0.942255 -0.0049957  -0.334858
 0.0320972   0.996633  0.0754495
  0.333354 -0.0818407   0.939243
eulerAngle: 0.0340511
 -0.339859
-0.0869153
Pbc:
  0.0066314
-0.00816932
   0.034182
g:
 1.34383
 -8.8433
-4.00378
imu_g:
 2.65111
-9.07247
-2.58881
bg:
-0.00579418
0.000999322
-0.00432901
------------------------------
scale:
0
Rbc:
  0.942255 -0.0049957  -0.334858
 0.0320972   0.996633  0.0754495
  0.333354 -0.0818407   0.939243
eulerAngle: 0.0340511
 -0.339859
-0.0869153
Pbc:
  0.0066314
-0.00816932
   0.034182
g:
 1.34383
 -8.8433
-4.00378
imu_g:
 2.65111
-9.07247
-2.58881
bg:
-0.00579418
0.000999322
-0.00432901
------------------------------
scale:
0
Rbc:
  0.942255 -0.0049957  -0.334858
 0.0320972   0.996633  0.0754495
  0.333354 -0.0818407   0.939243
eulerAngle: 0.0340511
 -0.339859
-0.0869153
Pbc:
  0.0066314
-0.00816932
   0.034182
g:
 1.34383
 -8.8433
-4.00378
imu_g:
 2.65111
-9.07247
-2.58881
bg:
-0.00579418
0.000999322
-0.00432901
------------------------------
scale:
0
Rbc:
  0.942255 -0.0049957  -0.334858
 0.0320972   0.996633  0.0754495
  0.333354 -0.0818407   0.939243
eulerAngle: 0.0340511
 -0.339859
-0.0869153
Pbc:
  0.0066314
-0.00816932
   0.034182
g:
 1.34383
 -8.8433
-4.00378
imu_g:
 2.65111
-9.07247
-2.58881
bg:
-0.00579418
0.000999322
-0.00432901
------------------------------
scale:
0
Rbc:
  0.942255 -0.0049957  -0.334858
 0.0320972   0.996633  0.0754495
  0.333354 -0.0818407   0.939243
eulerAngle: 0.0340511
 -0.339859
-0.0869153
Pbc:
  0.0066314
-0.00816932
   0.034182
g:
 1.62516
-9.11111
-3.64782
imu_g:
 2.79834
 -9.3035
-2.13878
bg:
-0.00579418
0.000999322
-0.00432901
------------------------------
scale:
0
Rbc:
  0.942255 -0.0049957  -0.334858
 0.0320972   0.996633  0.0754495
  0.333354 -0.0818407   0.939243
eulerAngle: 0.0340511
 -0.339859
-0.0869153
Pbc:
  0.0066314
-0.00816932
   0.034182
g:
 1.62516
-9.11111
-3.64782
imu_g:
 2.79834
 -9.3035
-2.13878
bg:
-0.00579418
0.000999322
-0.00432901
------------------------------
scale:
0
Rbc:
  0.942255 -0.0049957  -0.334858
 0.0320972   0.996633  0.0754495
  0.333354 -0.0818407   0.939243
eulerAngle: 0.0340511
 -0.339859
-0.0869153
Pbc:
  0.0066314
-0.00816932
   0.034182
g:
 1.34301
-8.83788
-4.00133
imu_g:
 2.64949
-9.06691
-2.58722
bg:
-0.00579418
0.000999322
-0.00432901
------------------------------
scale:
0
Rbc:
  0.942255 -0.0049957  -0.334858
 0.0320972   0.996633  0.0754495
  0.333354 -0.0818407   0.939243
eulerAngle: 0.0340511
 -0.339859
-0.0869153
Pbc:
  0.0066314
-0.00816932
   0.034182
g:
 1.62516
-9.11111
-3.64782
imu_g:
 2.79834
 -9.3035
-2.13878
bg:
-0.00579418
0.000999322
-0.00432901
------------------------------
scale:
0
Rbc:
  0.942255 -0.0049957  -0.334858
 0.0320972   0.996633  0.0754495
  0.333354 -0.0818407   0.939243
eulerAngle: 0.0340511
 -0.339859
-0.0869153
Pbc:
  0.0066314
-0.00816932
   0.034182
g:
 1.62516
-9.11111
-3.64782
imu_g:
 2.79834
 -9.3035
-2.13878
bg:
-0.00579418
0.000999322
-0.00432901
------------------------------
scale:
0
Rbc:
  0.942255 -0.0049957  -0.334858
 0.0320972   0.996633  0.0754495
  0.333354 -0.0818407   0.939243
eulerAngle: 0.0340511
 -0.339859
-0.0869153
Pbc:
  0.0066314
-0.00816932
   0.034182
g:
 1.34301
-8.83788
-4.00133
imu_g:
 2.64949
-9.06691
-2.58722
bg:
-0.00579418
0.000999322
-0.00432901
------------------------------
scale:
0
Rbc:
  0.989632  -0.141696  0.0234504
  0.138585   0.984967   0.103118
-0.0377094 -0.0987994   0.994393
eulerAngle:  0.139132
 0.0377183
-0.0990315
Pbc:
  0.0066314
-0.00816932
   0.034182
g:
  1.3693
-8.76444
-4.15114
imu_g:
 2.49965
-8.87099
-3.31358
bg:
-0.00622307
 0.00139383
-0.00481192
------------------------------
scale:
0
Rbc:
    0.99993  -0.0070531  0.00951262
 0.00706146    0.999975 -0.00084483
-0.00950642  0.00091194    0.999954
eulerAngle: 0.00706184
 0.00950656
0.000911985
Pbc:
  0.0066314
-0.00816932
   0.034182
g:
0.139491
-8.87204
-4.38377
imu_g:
0.160356
-8.86713
-4.39299
bg:
-0.00881349
 0.00159961
-0.00684852
------------------------------
scale:
0
Rbc:
    0.99993  -0.0070531  0.00951262
 0.00706146    0.999975 -0.00084483
-0.00950642  0.00091194    0.999954
eulerAngle: 0.00706184
 0.00950656
0.000911985
Pbc:
  0.0066314
-0.00816932
   0.034182
g:
0.139491
-8.87204
-4.38377
imu_g:
0.160356
-8.86713
-4.39299
bg:
-0.00881349
 0.00159961
-0.00684852
------------------------------
scale:
0
Rbc:
    0.99993  -0.0070531  0.00951262
 0.00706146    0.999975 -0.00084483
-0.00950642  0.00091194    0.999954
eulerAngle: 0.00706184
 0.00950656
0.000911985
Pbc:
  0.0066314
-0.00816932
   0.034182
g:
-0.139622
 -8.61209
 -4.66207
imu_g:
-0.123219
 -8.60892
 -4.66838
bg:
-0.00881349
 0.00159961
-0.00684852
------------------------------
scale:
0.827311
Rbc:
    0.99993  -0.0070531  0.00951262
 0.00706146    0.999975 -0.00084483
-0.00950642  0.00091194    0.999954
eulerAngle: 0.00706184
 0.00950656
0.000911985
Pbc:
  0.0066314
-0.00816932
   0.034182
g:
-0.132313
 -8.67755
 -4.68013
imu_g:
-0.115621
 -8.67431
 -4.68658
bg:
-0.00881349
 0.00159961
-0.00684852
------------------------------
scale:
0.827311
Rbc:
    0.99993  -0.0070531  0.00951262
 0.00706146    0.999975 -0.00084483
-0.00950642  0.00091194    0.999954
eulerAngle: 0.00706184
 0.00950656
0.000911985
Pbc:
  0.0066314
-0.00816932
   0.034182
g:
-0.132313
 -8.67755
 -4.68013
imu_g:
-0.115621
 -8.67431
 -4.68658
bg:
-0.00881349
 0.00159961
-0.00684852
------------------------------
scale:
0.827311
Rbc:
    0.99993  -0.0070531  0.00951262
 0.00706146    0.999975 -0.00084483
-0.00950642  0.00091194    0.999954
eulerAngle: 0.00706184
 0.00950656
0.000911985
Pbc:
  0.0066314
-0.00816932
   0.034182
g:
-0.132313
 -8.67755
 -4.68013
imu_g:
-0.115621
 -8.67431
 -4.68658
bg:
-0.00881349
 0.00159961
-0.00684852
------------------------------
scale:
0.827311
Rbc:
    0.99993  -0.0070531  0.00951262
 0.00706146    0.999975 -0.00084483
-0.00950642  0.00091194    0.999954
eulerAngle: 0.00706184
 0.00950656
0.000911985
Pbc:
  0.0066314
-0.00816932
   0.034182
g:
-0.132313
 -8.67755
 -4.68013
imu_g:
-0.115621
 -8.67431
 -4.68658
bg:
-0.00881349
 0.00159961
-0.00684852
------------------------------
scale:
0.893216
Rbc:
    0.99993  -0.0070531  0.00951262
 0.00706146    0.999975 -0.00084483
-0.00950642  0.00091194    0.999954
eulerAngle: 0.00706184
 0.00950656
0.000911985
Pbc:
  0.0066314
-0.00816932
   0.034182
g:
-0.111782
 -8.67373
 -4.69071
imu_g:
-0.0952181
  -8.67033
  -4.69734
bg:
-0.00883885
 0.00172806
  -0.006727
------------------------------
scale:
0.877986
Rbc:
    0.99993  -0.0070531  0.00951262
 0.00706146    0.999975 -0.00084483
-0.00950642  0.00091194    0.999954
eulerAngle: 0.00706184
 0.00950656
0.000911985
Pbc:
  0
0.3
  0
g:
-0.112134
 -8.67386
 -4.69048
imu_g:
-0.0955672
  -8.67047
  -4.69711
bg:
-0.00883885
 0.00172806
  -0.006727
------------------------------
scale:
0.877986
Rbc:
    0.99993  -0.0070531  0.00951262
 0.00706146    0.999975 -0.00084483
-0.00950642  0.00091194    0.999954
eulerAngle: 0.00706184
 0.00950656
0.000911985
Pbc:
  0
0.3
  0
g:
-0.112134
 -8.67386
 -4.69048
imu_g:
-0.0955672
  -8.67047
  -4.69711
bg:
-0.00883885
 0.00172806
  -0.006727
------------------------------
scale:
0.877986
Rbc:
    0.99993  -0.0070531  0.00951262
 0.00706146    0.999975 -0.00084483
-0.00950642  0.00091194    0.999954
eulerAngle: 0.00706184
 0.00950656
0.000911985
Pbc:
  0
0.3
  0
g:
-0.112134
 -8.67386
 -4.69048
imu_g:
-0.0955672
  -8.67047
  -4.69711
bg:
-0.00883885
 0.00172806
  -0.006727
------------------------------
scale:
0.850219
Rbc:
    0.99993  -0.0070531  0.00951262
 0.00706146    0.999975 -0.00084483
-0.00950642  0.00091194    0.999954
eulerAngle: 0.00706184
 0.00950656
0.000911985
Pbc:
0
1
0
g:
-0.112752
 -8.67408
 -4.69009
imu_g:
-0.0961805
  -8.67069
  -4.69672
bg:
-0.00883885
 0.00172806
  -0.006727
------------------------------
scale:
0
Rbc:
    0.99993  -0.0070531  0.00951262
 0.00706146    0.999975 -0.00084483
-0.00950642  0.00091194    0.999954
eulerAngle: 0.00706184
 0.00950656
0.000911985
Pbc:
   0.182469
   0.249316
-0.00649204
g:
-0.114765
 -8.61295
 -4.66116
imu_g:
-0.0983489
   -8.6096
  -4.66771
bg:
-0.00883885
 0.00172806
  -0.006727
------------------------------
scale:
1
Rbc:
    0.99993  -0.0070531  0.00951262
 0.00706146    0.999975 -0.00084483
-0.00950642  0.00091194    0.999954
eulerAngle: 0.00706184
 0.00950656
0.000911985
Pbc:
   0.182469
   0.249316
-0.00649204
g:
-0.114765
 -8.61295
 -4.66116
imu_g:
-0.0983489
   -8.6096
  -4.66771
bg:
-0.00883885
 0.00172806
  -0.006727
------------------------------
scale:
1
Rbc:
  0.98563 -0.127482 -0.110824
 0.139836  0.983826   0.11195
0.0947601 -0.125838  0.987515
eulerAngle:  0.140934
-0.0949025
 -0.126746
Pbc:
-1.19876
0.175988
-1.62779
g:
 1.50764
-8.96839
-3.63558
imu_g:
  3.0322
-9.01951
-2.31876
bg:
-0.00399039
0.000968934
-0.00287106
------------------------------
scale:
1
Rbc:
  0.98563 -0.127482 -0.110824
 0.139836  0.983826   0.11195
0.0947601 -0.125838  0.987515
eulerAngle:  0.140934
-0.0949025
 -0.126746
Pbc:
-1.19876
0.175988
-1.62779
g:
 1.50764
-8.96839
-3.63558
imu_g:
  3.0322
-9.01951
-2.31876
bg:
-0.00399039
0.000968934
-0.00287106
------------------------------
scale:
0.809895
Rbc:
    0.99993  -0.0070531  0.00951262
 0.00706146    0.999975 -0.00084483
-0.00950642  0.00091194    0.999954
eulerAngle: 0.00706184
 0.00950656
0.000911985
Pbc:
          0
2.61076e-16
   0.178435
g:
-0.114753
 -8.61295
 -4.66116
imu_g:
-0.0983367
   -8.6096
  -4.66771
bg:
-0.00883885
 0.00172806
  -0.006727
------------------------------
scale:
2.08146
Rbc:
  0.98563 -0.127482 -0.110824
 0.139836  0.983826   0.11195
0.0947601 -0.125838  0.987515
eulerAngle:  0.140934
-0.0949025
 -0.126746
Pbc:
7.63278e-17
2.18141e-16
   -1.16416
g:
  1.5073
 -8.9684
-3.63569
imu_g:
 3.03187
-9.01959
-2.31889
bg:
-0.00399039
0.000968934
-0.00287106
------------------------------
scale:
0.285258
Rbc:
  0.985614 -0.0685109  -0.154501
 0.0819503   0.993228  0.0823583
  0.147812 -0.0938349   0.984554
eulerAngle:0.0829556
-0.148356
 -0.09502
Pbc:
-3.64292e-17
 2.00361e-16
   0.0621517
g:
0.996113
-8.98618
-3.76546
imu_g:
  2.1792
-9.15381
-2.71684
bg:
-0.000361234
-0.000718807
-0.000719507
------------------------------
scale:
0.315279
Rbc:
    0.99993  -0.0070531  0.00951262
 0.00706146    0.999975 -0.00084483
-0.00950642  0.00091194    0.999954
eulerAngle: 0.00706184
 0.00950656
0.000911985
Pbc:
3.23092e-17
1.23165e-16
   0.559976
g:
-0.151736
 -8.61059
 -4.66446
imu_g:
-0.135366
  -8.6075
 -4.67066
bg:
-0.00821393
0.000854358
-0.00711674
------------------------------
scale:
0.315279
Rbc:
    0.99993  -0.0070531  0.00951262
 0.00706146    0.999975 -0.00084483
-0.00950642  0.00091194    0.999954
eulerAngle: 0.00706184
